Genome
1235786.3
1339350.3
1339351.3
1339352.3
435590.9
702446.3
821.198
821.287
821.37
821.38
821.39
821.40
821.78
821.83
821.84
997891.3
1073386.3
1073387.4
1073388.3
1235816.3
1263046.3
1263047.3
1339269.3
1339270.3
1339271.3
1339272.3
1339273.3
1339274.3
1339275.3
1339276.3
1339277.3
1339278.3
1339279.3
1339280.3
1339281.3
1339282.3
1339283.3
1339284.3
1339285.3
1339286.3
1339287.3
1339288.3
1339289.3
1339290.3
1339291.3
1339292.3
1339293.3
1339294.3
1339295.3
1339296.3
1339297.3
1339298.3
1339299.3
1339300.3
1339301.3
1339302.3
1339303.3
1339304.3
1339305.3
1339306.3
1339307.3
1339308.3
1339309.4
1339310.3
1339311.3
1339312.3
1339313.3
1339314.3
1339315.3
1339316.3
1339317.3
1339318.3
1339319.3
1339320.3
1339321.3
1339322.3
1339323.3
1339324.3
1339325.3
1339326.3
1339327.3
1339328.3
1339329.3
1339330.3
1339331.3
1339332.3
1339335.3
1339336.3
1339337.3
1339338.3
1339339.3
1339340.3
272559.17
272559.41
295405.11
295405.30
457424.5
817.120
817.168
817.199
817.242
817.243
817.244
817.245
817.246
817.247
817.248
817.249
817.250
817.251
817.252
817.253
817.51
817.52
817.53
817.54
817.55
817.56
817.57
817.58
817.59
817.60
817.61
817.62
817.63
817.64
817.65
817.66
817.67
817.69
817.86
817.87
817.88
817.92
817.93
817.94
817.95
817.96
862962.3
997878.3
997879.3
997880.3
997881.3
997882.3
997883.3
1339341.3
1339342.3
1339343.3
1339344.3
1339345.3
435591.13
823.4
823.5
823.6
823.7
823.8
823.84
823.85
823.9
823.97
999416.3
999417.3
