Bacteroides_vulgatus_57955
0 700015922
1 700102043
2 700013715
3 700103621
4 700035533
5 700106465
6 700024545
7 700100600
8 700016142
9 SRR413610
10 SRR413603
11 SRR413585
12 SRR341714
13 700023267
14 700117766
15 SRR341633
16 700035373
17 700101581
18 700032068
19 700105771
20 700038594
21 700110155
22 700171441
23 SRR341690
24 700106291
25 SRR413592
26 SRR413617
27 SRR341693
28 700100022
29 SRR413593
30 SRR413666
------------
31 700163868
32 700035157
33 SRR413597
34 SRR413606
35 SRR341624
36 SRR341648
37 700033502
38 700097688
39 700035861
40 SRR341651
41 SRR341704
42 SRR413647
43 700038386
44 SRR413601
45 SRR413579
46 700172498
47 700111745
48 700038053
49 700106876
50 700117000
51 700096700
52 700099307
53 SRR341652
54 SRR413633
55 SRR413596
56 SRR413616
57 SRR413659
58 SRR413609
59 700101243
60 700111296
61 SRR341723
62 700096047
63 700032133
64 SRR413556
65 700024509
66 700100227
67 700110419
68 SRR413641
69 700098669
70 700015857
71 SRR341628
72 700032944
73 700111505
74 700102659
75 SRR341691
76 700117755
77 SRR413658
78 SRR341692
79 SRR341627
80 SRR413618
81 700021876
82 SRR341713
83 SRR413604
84 SRR413637
85 SRR413605
86 700095717
87 700102585
88 SRR413664
89 700113867
90 700116468
91 700107547
92 700117031
93 700034254
94 700024998
95 700095831
96 700095213
97 700107375
98 SRR413560
99 700109449
100 SRR413622
101 700024711
102 700014562
103 700095647
104 700096865
105 SRR341696
106 SRR413665
107 SRR413594
108 700172726
109 700110354
110 700111222
111 700035747
112 SRR341697
113 700033989
114 700116865
115 700111439
116 700098429
117 700033797
118 700106198
119 700117682
120 700116148
121 700038761
122 700023845
123 700037284
124 700023720
125 SRR413688
126 SRR413628
127 SRR413619
128 700114480
129 700023872
130 SRR413661
131 700037738
132 700165634
133 700016210
134 SRR341626
135 700037852
136 SRR413758
137 700105210
138 700100540
139 700163030
140 700164050
141 700016765
Bacteroides_uniformis_57318
0 SRR413592
1 700016960
2 700117031
3 700100540
4 700161856
5 700035533
6 700037738
7 700117000
8 700024752
9 700111439
10 700038806
11 700095213
12 700101638
13 700106291
14 700038072
15 SRR413626
16 SRR413622
17 SRR413600
18 SRR341621
19 SRR413557
20 700032944
21 SRR413605
22 SRR341627
23 700024615
24 SRR413608
25 SRR413577
26 700165634
27 700116505
28 SRR413562
29 SRR413659
30 SRR413618
31 700116401
32 700034254
33 700106170
34 700035373
35 700032133
36 700116028
37 700014724
38 SRR413627
39 700116568
40 700110812
41 700015857
42 700024024
43 700038414
44 700033201
45 700023634
46 700021306
47 700110354
48 700038386
49 700106876
50 700110222
51 700038870
52 700116865
53 700100600
54 700021824
55 700111222
56 700034926
57 700117682
58 700023578
59 700024086
60 700035157
61 700024545
62 700016610
63 SRR413579
64 700037868
65 700023720
66 700024711
67 700173023
68 700172726
69 700024509
70 700113975
71 700109230
72 700023337
73 SRR413596
74 700098669
75 700016765
76 SRR341616
77 SRR413575
78 SRR413602
79 700106065
80 SRR413604
81 SRR341708
82 SRR341693
83 700105372
84 700033435
85 SRR413615
86 SRR341624
87 700038761
88 SRR413663
89 700015981
90 700106056
91 700099886
92 SRR413650
93 700024449
94 700099307
95 700035861
96 700033665
97 SRR413617
98 SRR413621
99 700107547
100 700110419
101 700105210
102 700171648
103 SRR413594
104 700117172
105 700100022
106 700024866
107 700117766
108 700113762
109 700097837
110 700016142
111 700095717
112 700016716
113 700015702
114 700033153
115 700107189
116 SRR413613
117 SRR341690
118 700116730
119 700106615
120 SRR413578
121 SRR413585
122 700171441
123 SRR413559
124 SRR413587
125 700024673
126 700173483
127 700113867
128 700111296
129 700163868
130 700035785
-------------
131 700171115
132 700116148
133 700037852
134 700037284
135 700023872
136 700111505
Alistipes_putredinis_61533
0 700100022
-----------
1 700171114
2 700111296
3 700110354
4 700106229
5 700117172
6 700113762
7 700116917
8 700109921
9 700016960
-----------
10 SRR413585
11 SRR413557
12 SRR413623
13 700096047
14 SRR413584
15 700034166
16 700023113
17 700171441
18 700038870
19 700035533
20 700116401
21 700024437
22 700024752
23 700117069
24 700106198
25 700038472
26 700113975
27 700032944
28 700015181
29 700095486
30 700110419
31 SRR413559
32 700033665
33 SRR413579
34 SRR413625
35 700113867
36 SRR413626
37 700165634
38 700037632
39 700173483
40 700165778
41 700038386
42 700037738
43 700111222
44 700033797
45 SRR413582
46 700095831
47 700032133
48 700024318
49 700034622
50 700101243
51 700171648
52 700037852
53 700117766
54 700106615
55 700110812
56 700116668
57 SRR413653
58 SRR413603
59 SRR413629
60 700013715
61 700113954
62 700095524
63 700099803
64 700035861
65 700111156
66 700096865
67 700109230
68 700100432
69 700117031
70 700016716
71 700024545
72 700038158
73 700038594
------------
74 700173023
75 700033435
76 700163868
77 SRR413647
78 700024024
79 700095717
80 700106170
81 700024673
82 SRR413614
83 700016610
84 700117755
85 700014724
86 700095647
87 700024449
88 700100540
89 700117938
90 700097688
91 700114653
92 700035157
93 700038761
94 700024086
95 SRR413613
96 700023845
97 700101638
------------
98 700023337
99 700117682
100 700014562
101 700101534
102 700106809
103 700023267
104 700099886
105 700024711
106 700038263
107 700106056
108 700164339
109 700109449
110 700024998
111 700024866
112 700111439
113 700164450
114 700116028
115 700095213
116 700116865
117 700107375
118 700037284
119 700116505
120 700038053
121 700014954
122 700024615
123 700161856
124 700023578
Bacteroides_stercoris_56735
0 700024998
1 700163868
2 700015857
3 SRR413621
4 700102585
5 700032944
6 SRR413616
7 SRR413562
8 700016765
9 700113975
10 700116028
11 700106229
12 700117755
13 700161856
14 700038806
15 700016960
16 700024086
17 SRR413587
18 700111222
19 700034166
20 700108341
21 700033665
22 700117069
23 700116865
24 700034838
25 700035157
26 700096380
27 700171115
28 700024711
29 700117682
30 700106291
31 700173483
32 700014724
33 700173023
34 700095213
35 700095717
36 700100022
37 SRR413581
38 SRR413663
39 SRR413580
40 SRR413627
41 700097688
42 SRR341618
43 SRR341624
44 SRR413559
45 700035533
46 700100540
47 700023337
48 700106198
49 700016610
50 700116730
51 SRR413607
52 SRR413619
53 SRR413601
54 700109230
55 SRR413618
56 SRR413613
57 SRR341691
58 SRR341690
59 700117031
60 700021824
61 700037852
62 700024449
63 700110419
64 700032413
65 700037868
66 700165778
67 700034794
68 700024866
69 700037284
70 700016716
71 700034254
72 SRR413589
73 700101243
74 SRR341697
75 SRR413566
76 SRR413665
77 SRR413633
78 SRR413615
79 SRR413653
80 700101534
81 700024615
82 700116505
83 700102043
84 700095486
85 700099307
86 700106170
87 700099886
88 700023578
89 SRR413585
90 700099803
91 700032133
92 700033435
93 700034926
94 700024509
95 700023113
96 700013715
97 700038870
98 SRR413594
99 SRR413558
100 700098669
101 700016210
102 700111156
Eubacterium_rectale_56927
0 700106465
1 700033435
2 700037453
3 700023919
4 700021876
5 700171324
6 700114082
7 700116730
8 700110812
9 700110354
10 700035747
11 700024086
12 700117000
13 700171441
14 700023113
15 700024509
16 700037632
17 700034254
18 700105580
19 700171115
20 700111296
21 700095213
22 700097837
23 SRR413564
24 700038414
25 SRR413644
26 700100022
27 700105771
28 700038072
29 700032222
30 700038870
31 700103710
32 700106876
33 700099803
34 700038761
35 700116568
36 700033797
37 700106170
38 700173023
39 700024437
40 700016610
41 700106229
42 700106198
43 700164339
44 700014954
45 700119496
46 700106291
47 700171066
48 700023267
49 700035861
50 700171648
51 700037738
52 700109230
53 700023872
54 700161856
55 700105210
------------
56 SRR413575
57 SRR413637
58 SRR341616
59 SRR413648
60 SRR341708
61 SRR413589
62 SRR341704
63 SRR413630
64 SRR413640
65 SRR413654
66 SRR413663
67 SRR413596
68 SRR413616
69 SRR413666
70 SRR413639
71 SRR413768
72 SRR413602
73 SRR413653
74 SRR341628
75 SRR413661
Parabacteroides_distasonis_56985
0 700113975
-----------
1 700014562
2 700100432
3 SRR413608
4 SRR413602
5 SRR341633
6 700033665
7 SRR413603
8 700013715
9 700116401
10 700038594
11 700024449
12 700107375
13 700106170
14 700096865
15 700117682
------------
16 700034166
17 700035747
18 SRR413587
19 700035785
20 700016142
21 700024998
22 700116468
23 700111505
24 700106809
25 700024545
26 700023113
27 700037868
28 700106465
29 700035373
30 700112812
31 700021824
32 700165778
33 700038072
34 700116730
35 700096047
36 700095213
37 SRR341697
38 700103621
39 700021876
40 700024086
41 700024930
42 700016716
43 700024024
44 700038386
45 700014837
46 700034254
47 700037123
48 700105210
49 700117172
50 700015181
51 700015415
52 SRR413620
53 700033153
54 700038806
55 700015702
56 700161856
57 700107059
58 700100600
59 700034794
60 700037738
61 700117069
62 700171115
63 700024752
64 700102356
65 700111026
66 700024615
67 SRR413578
68 700117031
69 700114082
70 700024711
71 700014724
72 700106615
73 700023845
74 700171648
Bacteroides_caccae_53434
0 700171648
1 700033797
2 SRR2822459
3 700116568
4 700106229
5 700096865
6 700106198
7 700099886
8 700116668
9 700106291
10 700015702
11 700172726
12 700038806
13 700113975
14 700100022
15 700117682
16 700110419
17 700024866
18 700101638
19 700024998
20 700035373
21 700102659
22 700014562
23 700023337
24 700111156
25 700106615
26 700024437
27 700114480
28 700105210
29 700172498
30 700101243
31 700038386
32 700100600
33 700013715
34 700035533
35 700035861
36 700163868
37 700102585
38 700106809
39 700113867
40 700034166
41 700023267
42 700034926
43 700165634
44 700038870
45 700164050
46 700024752
47 700037632
48 700116730
49 700103446
50 700095647
51 700034794
52 700037738
53 SRR413615
54 700114082
55 700024233
56 700038472
57 700037868
58 700035747
59 700024673
60 700014724
61 700171115
62 700037852
63 700024615
64 700117755
65 700014837
66 700038072
67 700033665
68 SRR413601
69 700016765
70 700035785
71 700099803
Alistipes_onderdonkii_55464
0 700033201
1 700102585
2 700099886
3 700101581
4 700024615
5 700037852
6 700035237
-----------
7 700038072
8 700165778
9 700095213
10 700015702
11 700097688
12 700095486
13 SRR2822459
14 700116505
15 700106065
16 700038761
17 700038414
18 700024673
19 700101840
20 700107375
21 700106056
------------
22 700106198
23 700034794
24 700015415
25 700103621
26 700034254
27 700101534
28 700033153
29 700037501
30 700172498
31 700117766
32 SRR413600
33 700037123
34 700105580
35 SRR413613
36 700013715
37 700023872
38 SRR413610
39 700106170
40 700105210
41 700033797
42 700117938
43 700023267
44 700024545
45 700024711
46 700111296
47 SRR413586
48 700037738
49 700111156
50 700016456
51 700113975
52 700116730
53 700024086
54 700038263
55 700023845
56 700023634
57 700107189
58 700033922
59 700037632
------------
60 700034926
61 700037284
62 700106465
63 700035747
64 700171441
65 700165634
66 700035861
67 700171066
68 700106229
69 700103446
70 700024509
Parabacteroides_merdae_56972
0 700105580
1 700103621
2 700038806
3 700024866
-----------
4 700117755
5 700021824
6 700109230
7 SRR413607
8 700161856
9 700024437
10 700106198
11 700106809
12 700171441
13 700037868
14 700117031
15 700102432
16 700034166
17 700108341
18 700117000
19 700023919
20 700110812
21 700024673
22 700015702
23 700099886
24 700032944
25 700015245
26 700035373
27 700111439
28 700114653
29 700034926
30 700035157
31 700095213
32 700116148
33 700164339
34 700100600
35 700016610
36 700103446
37 700172498
38 700095831
39 SRR413603
40 700173023
41 SRR413594
42 700113616
43 700110419
44 700024711
45 700106170
46 700034254
47 700106229
48 700014562
49 700016142
50 700102585
51 700015415
52 700024318
53 700016765
54 700117172
55 700113975
56 700024086
57 700023267
58 700037852
59 700015981
60 700117069
61 700032133
62 700111222
63 700024024
64 700038594
65 700095647
66 700100540
Bacteroides_thetaiotaomicron_56941
0 700117000
-----------
1 700116468
2 700035785
3 700100540
4 700016610
5 700033435
6 700095647
7 700113867
8 700038594
9 700024449
10 700109230
11 700096865
12 700171648
13 700106876
14 700015922
15 700033502
16 700098669
17 700106291
18 700024615
19 700113762
20 700117031
21 700171115
22 700106056
23 700106170
24 SRR341624
25 700095213
26 SRR413620
27 700024673
28 700032133
29 700110155
30 700096700
31 700016142
32 700024752
33 700103621
34 700099803
35 700024086
36 700114082
37 700163868
38 700106615
39 700032944
40 700106809
41 700113975
42 700015981
43 700034926
44 700034254
45 700014724
46 700033153
47 700037284
48 700024545
49 700117755
50 SRR413605
51 700023267
52 SRR413592
53 700024024
54 700024930
55 700101534
56 700110419
57 700024233
58 700161856
59 700106198
60 700098429
61 700038053
62 700098561
63 700016960
64 700117172
Ruminococcus_bromii_62047
0 700024673
1 700114125
2 700095486
-----------
3 SRR413654
4 700116568
5 700033153
6 700014724
7 700024615
8 700117000
9 700015415
10 700037284
11 700095647
12 700024866
13 700113867
14 700035861
15 700106065
16 700023845
17 700172498
18 700037852
19 700034254
20 700021876
21 700171114
22 700106809
23 700024509
24 700165778
25 700021824
26 700013715
27 700023578
28 700016142
29 700033435
30 700015245
31 700038761
32 700037123
33 700173023
34 700015181
35 700024086
36 700113975
37 700095213
38 700035237
39 700038072
40 700023788
41 700100432
42 700016765
43 700016456
44 SRR413619
45 700101366
46 700024318
47 700114082
48 700171648
49 SRR413560
50 SRR413589
51 SRR413587
52 SRR413617
53 SRR413615
54 SRR413606
55 SRR413628
56 SRR413665
57 SRR341629
58 SRR413592
59 SRR413610
60 SRR413630
Bacteroides_massiliensis_44749
0 700023872
1 700095717
2 SRR413616
3 SRR341714
4 SRR413577
5 700099307
6 700109449
7 700102585
8 700171390
9 700014837
10 700023337
11 700034926
12 700016716
13 SRR413562
14 700106229
15 SRR413565
16 700171066
17 700116028
18 SRR413623
19 SRR413653
20 SRR413600
21 SRR413585
22 SRR413621
23 700021824
24 SRR413662
25 700164450
26 700034081
27 700111296
28 700038386
29 700033502
30 SRR413575
31 SRR413614
32 SRR413557
33 SRR341691
34 SRR413622
35 SRR413651
36 700097688
37 700095486
38 SRR413566
39 700110419
40 700024998
------------
41 700106170
42 700038053
43 700171648
44 SRR413587
45 700033435
46 700111026
47 700034166
48 700095647
49 700035533
50 700101243
51 700035861
52 SRR413589
53 700099803
54 700116568
55 700024711
56 700023113
57 700024024
58 SRR2822459
59 700037632
60 SRR413658
Bacteroides_ovatus_58035
0 SRR413592
-----------
1 700034622
2 700021876
3 700023788
4 700016456
5 SRR413758
6 SRR413641
7 700113975
8 700034794
9 700116730
10 700101534
11 700171066
12 700023267
13 700161856
14 700111745
15 700110354
16 SRR413556
17 700096380
18 SRR413659
19 700038263
20 700116401
21 700016610
22 700165634
23 700023872
24 SRR413618
25 700023845
26 700109230
27 700117000
28 700117766
29 700024449
30 700024086
31 700033922
32 700096865
33 700106615
34 700171648
35 700014562
36 700023113
37 700106170
38 700116468
39 700117172
40 700095213
41 700114082
42 700102043
43 700024866
44 700014724
45 SRR413629
46 700023337
47 700034166
48 700033797
49 SRR341651
50 700035747
51 700024673
52 700173023
53 700163030
54 700106056
55 700103621
56 700106065
57 700171324
Alistipes_shahii_62199
0 700037123
1 700163868
-----------
2 700109230
3 700171066
4 700117031
5 700016716
6 700035533
7 700095647
8 700111156
9 700110419
10 700024233
11 700015702
12 700117069
13 700033665
14 700014837
15 700021902
16 700095213
17 700024673
18 700116028
19 700024998
20 700033153
21 700099803
22 700023919
23 700038870
24 700103446
25 700034622
26 700037852
27 700114480
28 700106809
29 700100471
30 700109449
31 700032133
32 700038263
33 700038386
34 700024086
35 700038414
36 700023788
37 700173483
38 700038053
39 700014562
40 700097837
41 700172726
42 700034794
43 700102585
44 700100022
45 700015181
46 700024545
47 700038594
48 700034166
49 700096865
50 700165634
51 700032944
52 700171114
53 700037738
54 700038761
Ruminococcus_bicirculans_59300
0 700096380
1 700016142
2 700109449
3 700097837
4 700116468
5 700035785
6 700023578
7 700097906
8 700165634
9 700164050
10 700033435
11 700016716
12 700038761
13 700101243
14 700021824
15 700023634
16 700114653
17 700038806
18 700163868
19 700034254
20 700024086
21 700161856
22 700171441
23 700021902
24 700117000
25 700106809
26 700173483
27 700032944
28 700032222
29 700033665
30 700117172
31 700035747
32 700100312
33 700105580
34 700100471
35 700106198
36 700117069
37 700106056
38 700035861
39 700110812
40 700105771
41 700101638
42 700033502
43 700105372
44 700106065
45 700024437
46 700117755
47 700014724
48 700102043
49 SRR413626
50 SRR413659
51 SRR413630
52 SRR413599
Oscillibacter_sp_60799
0 700037042
1 SRR413612
2 SRR413613
3 SRR413625
4 700034794
5 700173023
6 700037738
7 700016610
8 SRR413588
9 700037284
10 700015702
11 700035747
12 700016716
13 700116028
14 700161856
15 700035237
16 700023337
17 700024545
18 700105580
19 700024673
20 700037123
21 700103710
22 700102043
23 700024752
24 700164339
25 700023578
26 700164450
27 700102299
28 700110354
29 700117031
30 700095486
31 700024711
32 700033797
33 700117682
34 700024318
35 700023788
36 700034926
37 700024437
38 700106229
39 700038472
40 700116568
41 700163868
42 700038386
43 700035785
------------
44 700032944
45 700023113
46 700113867
47 700014724
Bacteroides_cellulosilyticus_58046
0 700024545
1 700116401
2 700034254
3 700101638
4 700038263
5 700101534
6 700107375
7 700106615
8 700100540
9 700035861
10 700024086
11 700023845
12 700016456
13 700021876
14 SRR2822459
15 700033797
16 700034794
17 700016960
18 700038594
19 700171648
20 700024752
21 700172726
22 700038414
23 700014562
24 700106170
25 SRR413601
26 700037632
27 700023113
28 700034926
29 700038158
30 700105580
31 700015181
32 700024866
33 700117031
34 700102432
35 700033502
36 700101366
37 700106056
38 SRR413587
39 700106465
40 700024673
41 700113975
42 700037738
43 700117000
44 700113762
------------
45 700037123
46 700021902
47 700096047
Barnesiella_intestinihominis_62208
0 700037632
-----------
1 700095213
2 700033435
3 700098429
4 700038806
5 700116568
6 700173023
7 700024673
8 700117755
9 700106170
10 700171114
11 700037852
12 700014724
13 700100600
14 700024449
15 700024318
16 700014954
17 700033665
18 700171648
19 700173483
20 700034254
21 700038263
22 700095647
23 700102585
24 700106229
25 700095486
26 700117682
27 700015415
28 700024711
29 700038386
30 SRR2822459
31 700024024
32 700033502
33 700016960
34 700024615
35 700021902
36 700172498
37 700033989
38 700035533
39 700106198
40 700111156
41 700114082
42 700037868
43 700035785
44 700034794
45 700097688
46 700164339
Eubacterium_eligens_61678
0 SRR413614
1 SRR341706
-----------
2 700117755
3 700033989
-----------
4 700100312
5 700100600
6 700173023
-----------
7 SRR413627
8 SRR413559
9 SRR413654
10 SRR413624
11 SRR413594
12 SRR413640
13 SRR413607
14 SRR413625
15 SRR413667
16 SRR413613
17 SRR413606
18 SRR413588
19 SRR413659
20 SRR413616
21 SRR413628
22 SRR413644
23 SRR413660
24 SRR413575
------------
25 700024752
26 700105210
27 700106291
28 700106198
29 700023720
30 700023872
31 700105580
32 700171066
33 700105771
34 700171114
35 700024711
36 700038072
37 700106065
38 700024866
39 700116917
40 700021824
41 700021306
42 700033153
43 700033797
44 700024086
Alistipes_finegoldii_56071
0 700165778
1 700117172
2 700038158
3 700117031
4 700161856
5 700101534
6 700163868
-----------
7 700116468
8 700100471
9 700037284
10 700106198
11 700106170
12 700113975
13 700111222
14 700037453
15 700173023
16 700038053
17 700107375
18 700014562
19 700013715
20 700014837
21 700014954
22 700015415
23 SRR2822459
24 700037738
25 700102299
26 700106229
27 700024086
28 700015702
29 700103446
30 700037123
31 700014724
32 700099803
33 700024998
34 700024509
35 700034926
36 700114653
37 700116401
38 700035373
39 700024866
40 700106615
41 700102585
42 700033502
43 700024673
44 700038761
Bacteroides_fragilis_54507
0 700101534
1 700037284
2 700171324
3 700163868
4 SRR413606
5 700111439
6 700161856
7 700015922
8 700100227
9 700163030
10 700024615
11 700165634
12 700038072
13 700016142
14 SRR413610
15 700024930
16 SRR341633
17 SRR341651
18 700021902
19 700171441
20 700034254
21 700024545
22 700024233
23 700116468
24 700014724
25 700165778
26 700023845
27 SRR413605
28 700098429
29 700100540
30 700037123
31 700024752
32 SRR341704
33 700117766
34 700037868
35 SRR413603
36 700100600
37 700114125
38 700119042
39 700023788
40 700110155
41 700107059
42 700035747
43 700037738
Bacteroides_plebeius_61623
0 SRR413559
1 SRR413637
2 SRR413609
3 SRR413630
4 700024437
5 SRR341702
6 SRR413598
7 SRR413560
8 SRR341623
9 SRR413624
-----------
10 700116865
11 700099886
12 SRR413590
13 700101243
14 700106198
15 SRR413615
16 700164450
17 700016210
18 SRR413579
19 700034166
20 SRR341694
21 SRR413661
22 SRR413607
23 SRR413643
24 SRR413651
25 SRR413649
26 SRR413576
27 SRR413619
28 SRR413613
29 SRR413581
30 SRR341692
31 SRR413662
32 700024318
33 700109449
34 SRR413593
35 SRR413617
36 SRR413596
37 SRR413616
38 SRR413580
39 SRR341619
40 SRR413575
41 SRR413653
Odoribacter_splanchnicus_62174
0 700117755
1 700023919
2 700117938
3 700024711
4 700037852
5 700024545
-----------
6 700097906
7 700038472
8 700037284
9 700114082
10 700023788
11 700161856
12 700015702
13 700024998
14 700107189
15 700100540
16 700034254
17 700107059
18 700102432
19 700172726
20 700100600
21 700033153
22 700106198
23 700102585
24 700096865
25 700014837
26 700034166
27 700015245
28 700106170
29 700015181
30 700037868
31 700095647
32 700024752
33 700038072
34 700172498
35 700119042
36 700014724
37 700024318
38 700171441
39 700106291
Phascolarctobacterium_sp_59817
0 700023578
-----------
1 700034794
2 700015702
3 700173023
4 700013715
5 700097906
6 700014724
7 SRR413607
8 SRR413609
9 SRR413566
10 700165634
11 SRR413646
12 SRR413577
13 700033989
14 700100227
15 700021876
16 SRR413617
17 SRR413616
18 700106291
19 700099803
20 700038761
21 700117000
22 700024711
23 700035237
24 700024437
25 700106170
26 SRR413632
27 700107375
28 700100600
29 700032944
30 700015181
31 700037852
------------
32 700163868
33 700024752
34 700103621
35 700116668
36 700171114
37 700016716
Faecalibacterium_prausnitzii_57453
0 SRR341714
1 SRR413644
2 700173483
3 700106170
4 700117000
5 700161856
-----------
6 SRR413633
7 SRR413666
8 SRR413768
9 SRR413640
10 SRR413587
11 SRR341691
12 SRR413663
13 SRR413660
14 700106065
15 700023872
16 SRR413561
17 700037284
18 700111296
19 700024866
20 700021306
21 700102585
22 700033153
23 700117069
24 700171115
25 700114125
26 700023113
27 SRR413614
28 700117031
29 700016716
30 700038158
31 700037868
32 700021876
33 700171066
34 700106229
35 700114653
36 700033435
37 700105771
Bacteroidales_bacterium_58650
0 700172726
1 700034794
2 700024866
3 700024233
4 700117069
5 700116505
6 700173023
7 700110419
8 700035785
9 700038414
10 700033665
11 700015857
12 700015245
13 700095647
14 700037852
15 700015181
16 700117172
17 700097906
18 700038053
19 700171648
20 700015415
21 700037284
22 700034254
23 700016456
24 700113762
25 700113975
26 700024998
27 700109449
28 700116468
29 700098429
30 700014724
31 700038761
32 700037042
33 700024752
34 700035237
35 700113867
36 700023267
37 700117682
Akkermansia_muciniphila_55290
0 700016765
1 700016142
2 700024711
3 700024866
4 700107375
5 700117172
6 700038761
-----------
7 700171115
8 700098669
9 700095647
10 700117682
11 700114653
12 700037123
13 SRR413656
14 700095213
15 SRR413564
16 700038072
17 700024998
18 700024318
19 700015702
20 700038806
21 700116568
22 700100022
23 700097688
24 700116668
25 700024673
26 700038263
27 700172498
28 700023634
29 700117000
30 700035785
31 700106291
32 700033665
33 700035747
34 700164050
35 700113762
Bacteroides_xylanisolvens_57185
0 SRR413603
1 SRR413575
2 700116568
3 700117000
4 700024998
5 700164050
6 700096700
7 700106065
8 700113975
9 700038761
10 700034926
11 700107375
12 700095524
13 700102043
14 700113867
15 700015857
16 700164450
17 700100540
18 700111222
19 700171441
20 700117766
21 SRR341624
22 700033435
23 SRR341708
24 SRR341693
25 700111505
26 700034254
27 700037453
28 700161856
29 700106876
30 SRR341626
31 700034838
32 700016142
33 700015981
34 SRR413666
